Bola 1				        Bola 2				        Bola 3				        Bola 4				                 Bola 5				            Bola 6	
Nº       Vzs que apareceu 	Nº       Vzs que apareceu 	Nº       Vzs que apareceu	Nº       Vzs que apareceu	         Nº       Vzs que apareceu	    Nº       Vzs que apareceu
28       60                 5        61                 27       57                 37       59                          35       61                    23       57                         
4        56                 32       55                 56       54                 29       58                          45       55                    53       52     
49       54                 10       55                 18       53                 60       52                          10       52                    33       52
32       53                 53       55                 58       53                 53       50                          16       52                    30       51
47       52                 8        54                 41       51                 18       50                          44       52                    22       51
35       52                 39       53                 38       50                 43       50                          33       50                    16       50
30       50                 42       52                 24       50                 10       50                          38       50                    10       50
44       50                 49       52                 4        49                 36       50                          34       50                    5        48
20       50                 21       52                 37       49                 54       49                          24       49                    17       48
2        49                 11       52                 34       49                 41       48                          28       49                    57       48
53       49                 17       52                 30       49                 1        47                          12       49                    3        48
19       48                 41       51                 1        49                 28       47                          52       48                    42       47
25       48                 56       50                 54       49                 34       47                          36       47                    8        47
13       47                 3        48                 23       49                 5        47                          14       47                    24       47
11       47                 6        48                 29       48                 23       47                          42       47                    27       47
38       47                 33       47                 2        48                 11       46                          47       47                    40       46
59       47                 43       46                 12       47                 25       46                          46       45                    34       46
46       47                 26       45                 51       47                 33       46                          53       45                    39       46
17       47                 37       45                 19       47                 44       46                          40       44                    38       45
6        46                 1        44                 42       46                 7        45                          50       44                    14       45
60       45                 48       43                 43       46                 31       45                          3        44                    48       45
10       45                 58       43                 20       45                 13       44                          2        44                    41       45
51       45                 50       43                 52       45                 40       44                          13       44                    49       45
5        45                 40       43                 35       45                 38       44                          51       44                    4        45
27       45                 23       43                 57       44                 9        43                          9        43                    52       44
54       44                 15       43                 59       44                 51       43                          4        43                    56       44
7        44                 16       42                 13       44                 50       43                          23       43                    51       43
56       44                 45       42                 53       43                 58       43                          60       43                    25       43
24       43                 12       42                 48       43                 16       42                          43       43                    36       43
33       43                 54       42                 28       42                 46       42                          5        43                    46       43
42       43                 44       42                 8        42                 52       42                          6        42                    32       42
29       42                 51       41                 11       42                 4        42                          37       42                    31       42
43       42                 22       41                 44       41                 55       41                          31       42                    50       42
9        42                 36       41                 16       41                 59       41                          20       42                    26       41
45       42                 27       41                 14       40                 30       41                          54       41                    19       41
37       41                 18       41                 55       40                 57       41                          29       41                    37       41
55       40                 52       40                 17       40                 42       41                          8        41                    54       41
50       40                 46       40                 36       40                 49       41                          30       41                    2        41
39       40                 47       39                 6        40                 17       41                          57       40                    13       41
36       40                 9        39                 32       39                 8        40                          48       40                    45       39
31       39                 2        38                 10       38                 24       40                          58       39                    6        39
22       39                 29       38                 33       37                 27       40                          41       39                    20       38
1        38                 59       38                 46       37                 35       40                          18       39                    11       38
34       38                 30       38                 7        37                 2        39                          7        39                    15       38
12       38                 28       37                 5        37                 15       39                          59       39                    12       38
41       38                 13       37                 40       37                 20       39                          17       39                    60       38
16       37                 4        37                 15       36                 6        38                          49       38                    9        37
14       37                 34       37                 25       36                 14       37                          15       38                    55       37
52       36                 7        37                 3        36                 32       37                          56       38                    44       37
8        36                 19       36                 31       36                 45       36                          11       37                    1        37
21       35                 31       34                 21       36                 26       36                          32       37                    58       37
57       34                 57       34                 45       35                 19       35                          25       37                    29       36
23       33                 35       34                 47       35                 47       35                          27       36                    7        36
26       32                 14       33                 60       35                 39       34                          19       35                    43       36
3        31                 20       33                 39       34                 56       34                          39       35                    47       35
58       31                 55       33                 50       34                 21       34                          22       33                    18       35
48       30                 25       32                 9        33                 48       33                          1        32                    59       34
18       30                 24       31                 49       33                 12       32                          21       31                    28       33
40       29                 38       31                 22       32                 22       32                          26       27                    35       33
15       29                 60       28                 26       30                 3        30                          55       27                    21       30