Nº          Vzs que apareceu 
53          294
10          290
5           281
37          277
42          276
33          275
23          272
41          272
4           272
30          270
44          268
28          268
17          267
34          267
38          267
54          266
27          266
35          265
16          264
56          264
32          263
29          263
49          263
43          263
51          263
11          262
36          261
8           260
24          260
2           259
13          257
52          255
46          254
6           253
45          249
18          248
20          247
1           247
58          246
50          246
12          246
40          243
47          243
59          243
25          242
19          242
39          242
60          241
57          241
14          239
31          238
7           238
3           237
9           237
48          234
22          228
15          223
55          218
21          218
26          211              